# Created by Octave 4.0.0, Wed Jun 22 10:44:52 2016 BRT <ia368n@ia368n-VirtualBox>
# name: J1
# type: scalar
3663.013176661102


# name: J2
# type: scalar
1885.60221988396


# name: steps
# type: scalar
166


# name: AvgAngleErr
# type: scalar
22.06634443771748


# name: AvgPositionErr
# type: scalar
11.35904951737325


# name: rpath
# type: matrix
# rows: 166
# columns: 3
 500 1800 0
 539.592 1800.67 0
 575.662 1800.57 0
 606.075 1800.38 0
 636.4880000000001 1800.19 -0.01687400028791386
 666.206 1799.27 -0.01687400028791386
 696.619 1799.08 0
 727.033 1798.89 0
 756.727 1799.39 0
 793.515 1798.6 0
 823.928 1798.4 -0.01687400028791386
 853.646 1797.49 -0.01687400028791386
 884.0599999999999 1797.3 -0.03528200536199057
 914.497 1795.69 -0.05215602310319695
 944.934 1794.08 -0.06903004084440333
 974.676 1791.76 -0.1227200338271781
 1004.47 1786.6 -0.1748767550620758
 1034.26 1781.45 -0.2086244414786382
 1069.08 1771.43 -0.3666256080031808
 1096.85 1759.88 -0.4878125446154071
 1122.57 1744.75 -0.5583762062735378
 1148.31 1728.22 -0.6105318803108843
 1172.66 1710.24 -0.6626875543482309
 1196.31 1691.55 -0.6979693851772962
 1222.89 1667.24 -0.7332512160063617
 1245.15 1647.11 -0.750126804543895
 1268.14 1626.28 -0.750126804543895
 1289.7 1605.43 -0.7332512160063617
 1311.97 1585.3 -0.750126804543895
 1334.23 1565.17 -0.750126804543895
 1356.52 1543.62 -0.767000647752176
 1378.09 1522.77 -0.767000647752176
 1404.67 1498.46 -0.750126804543895
 1426.23 1477.61 -0.750126804543895
 1448.5 1457.48 -0.750126804543895
 1470.79 1435.93 -0.750126804543895
 1493.05 1415.8 -0.7148432283855775
 1516.01 1396.39 -0.6979693851772962
 1538.97 1376.97 -0.6626875543482309
 1563.32 1359 -0.6458137111399498
 1587.67 1341.02 -0.575250049481819
 1619.78 1323.88 -0.4019074388322462
 1647.56 1312.33 -0.3144699339658343
 1676.7 1303.63 -0.2791881031367689
 1705.82 1296.34 -0.2623142599284878
 1734.96 1287.64 -0.2791881031367689
 1764.1 1278.94 -0.3482176203823966
 1791.18 1266.67 -0.4878125446154071
 1821.91 1248.09 -0.6105318803108843
 1846.95 1230.84 -0.6274057235191656
 1871.3 1212.86 -0.6458137111399498
 1894.95 1194.17 -0.6979693851772962
 1917.91 1174.75 -0.7332512160063617
 1940.9 1153.93 -0.7332512160063617
 1967.47 1129.62 -0.7332512160063617
 1989.74 1109.49 -0.7332512160063617
 2012 1089.36 -0.7332512160063617
 2034.96 1069.94 -0.7332512160063617
 2057.94 1049.12 -0.7332512160063617
 2080.21 1028.98 -0.7148432283855775
 2102.47 1008.85 -0.6979693851772962
 2131.13 986.704 -0.6626875543482309
 2154.79 968.01 -0.6458137111399498
 2179.14 950.034 -0.5583762062735378
 2206.24 936.348 -0.4019074388322462
 2234.71 925.514 -0.2960619463450501
 2263.83 918.227 -0.191750598270357
 2299.28 913.168 -0.08743802846518751
 2329.74 910.147 -0.06903004084440333
 2360.18 908.54 -0.05215602310319695
 2390.61 906.933 -0.03528200536199057
 2420.31 907.4349999999999 0.01840798762078419
 2456.35 908.752 0.07056401072398114
 2486.72 911.3869999999999 0.1227200338271781
 2516.36 914.717 0.1748767550620758
 2545.96 920.875 0.2101585858911412
 2575.54 928.447 0.3313437771741155
 2602.93 939.518 0.4893466890279102
 2634.42 959.145 0.6289398679316687
 2658.18 976.52 0.6626875543482309
 2681.9 995.308 0.6979693851772962
 2705.61 1015.51 0.7163773727980806
 2727.9 1035.69 0.750126804543895
 2749.47 1056.56 0.750126804543895
 2775.93 1081.06 0.750126804543895
 2798.22 1101.23 0.750126804543895
 2819.79 1122.11 0.750126804543895
 2842.05 1143.7 0.768534792164679
 2863.62 1164.57 0.768534792164679
 2885.91 1184.75 0.750126804543895
 2912.37 1209.24 0.750126804543895
 2933.94 1230.12 0.750126804543895
 2956.93 1251.02 0.7332512160063617
 2979.22 1271.19 0.7163773727980806
 3007.11 1294.3 0.6979693851772962
 3030.12 1313.78 0.6810955419690151
 3053.85 1332.57 0.6810955419690151
 3077.58 1351.36 0.5936580371026032
 3103.49 1366.65 0.470938701407126
 3137.18 1381.36 0.3497517647948997
 3165.3 1391.74 0.3144699339658343
 3194.15 1400 0.3144699339658343
 3222.98 1409.69 0.3144699339658343
 3251.82 1419.37 0.4019074388322462
 3283.36 1436.17 0.6105318803108843
 3307.8 1454.26 0.6979693851772962
 3330.81 1473.74 0.7332512160063617
 3352.38 1494.62 0.8728461402393721
 3372.37 1525.36 1.168908086584422
 3381.79 1553.81 1.308501265488181
 3389.08 1582.93 1.414348503304629
 3392.82 1612.7 1.483378020550257
 3394.42 1643.13 1.518659851379322
 3395.94 1679.23 1.553941682208387
 3397.54 1709.66 1.553941682208387
 3397.74 1740.08 1.553941682208387
 3397.93 1770.49 1.570815525416668
 3398.03 1806.56 1.589223513037453
 3397.52 1836.25 1.589223513037453
 3397 1867.36 1.589223513037453
 3396.5 1897.06 1.622971199454015
 3393.86 1927.42 1.641379187074799
 3392.55 1963.47 1.641379187074799
 3389.91 1993.83 1.693536606441398
 3385.17 2023.45 1.745695771137248
 3379.01 2053.05 1.797846209186839
 3369.23 2087.54 1.95431497662813
 3356.03 2115.61 2.112319633811177
 3339.35 2140.08 2.199760629336093
 3321.25 2164.52 2.251911067385684
 3301.77 2187.53 2.287201624861009
 3277.28 2213.99 2.320938839302059
 3257.1 2236.28 2.320938839302059
 3236.2 2259.27 2.304061505435274
 3216.02 2281.55 2.304061505435274
 3191.53 2308.01 2.320938839302059
 3171.35 2330.3 2.320938839302059
 3150.48 2351.87 2.320938839302059
 3125.99 2378.33 2.304061505435274
 3105.78 2402.04 2.287201624861009
 3086.3 2425.05 2.268788401252469
 3066.82 2448.06 2.268788401252469
 3048.03 2471.78 2.216637963202878
 3027.73 2501.14 2.129196967677963
 3012.44 2527.05 2.077029076335852
 2997.85 2553.68 2.060169195761587
 2983.25 2580.3 2.112319633811177
 2963.65 2610.38 2.233497843777144
 2944.17 2633.39 2.287201624861009
 2923.96 2657.1 2.304061505435274
 2903.09 2678.67 2.356229396777385
 2877.21 2703.69 2.442134502560546
 2853.55 2722.38 2.477407606743351
 2829.9 2741.08 2.494284940610136
 2805.55 2759.05 2.581725936135052
 2772.74 2775.47 2.791881031367689
 2744.29 2784.89 2.896199360759391
 2715.2 2790.76 3.000500236858572
 2678.36 2794.38 3.071063898516702
 2647.93 2795.99 3.104818566250273
 2618.21 2796.9 3.123231789858813
 2587.79 2797.1 3.123231789858813
 2551.73 2797.19 3.123231789858813
 2522.01 2798.11 3.123231789858813
 2491.59 2798.3 3.123231789858813
 2454.81 2799.09 3.123231789858813


# name: v
# type: scalar
60


# name: Kp
# type: scalar
0.4


# name: Ki
# type: scalar
0


# name: Kd
# type: scalar
0.4


# name: goalRadius
# type: scalar
70


