# Created by Octave 4.0.0, Wed Jun 22 13:12:07 2016 BRT <ia368n@ia368n-VirtualBox>
# name: J1
# type: scalar
57292.46710444587


# name: J2
# type: scalar
25472.15955082503


# name: steps
# type: scalar
173


# name: AvgAngleErr
# type: scalar
331.1703300835021


# name: AvgPositionErr
# type: scalar
147.2379164787574


# name: rpath
# type: matrix
# rows: 173
# columns: 3
 500 1800 0
 533.2380000000001 1800.47 0
 570.035 1800.35 0
 599.765 1799.98 0
 630.176 1800.35 -0.01840798762078419
 660.638 1799.3 0
 691.049 1799.67 0
 720.779 1799.3 -0.01840798762078419
 751.191 1799.67 0
 780.921 1799.3 0
 812.064 1798.98 -0.03528200536199057
 841.8440000000001 1797.2 -0.03528200536199057
 877.9589999999999 1796.36 -0.03528200536199057
 908.42 1795.31 -0.05215602310319695
 938.2 1793.53 -0.08743802846518751
 968.029 1790.34 -0.1227200338271781
 997.909 1785.73 -0.2101585858911412
 1027.89 1778.3 -0.2454404167202066
 1057.14 1771.55 -0.2101585858911412
 1086.33 1766.21 -0.2975960907575531
 1114.37 1753.75 -0.6289398679316687
 1140.02 1728.48 -0.8897199834476534
 1159.24 1705.1 -0.8022824785812415
 1182.56 1686.11 -0.5246285198569756
 1209.23 1672.2 -0.4893466890279102
 1235.26 1656.13 -0.6458137111399498
 1257.89 1636.41 -0.8191563217895226
 1281.51 1608.94 -0.8897199834476534
 1300.73 1585.57 -0.8022824785812415
 1323.36 1565.85 -0.6458137111399498
 1348.03 1548.32 -0.6105318803108843
 1372.02 1530.06 -0.6979693851772962
 1393.97 1509.61 -0.8022824785812415
 1419 1482.19 -0.8191563217895226
 1440.26 1461.01 -0.750126804543895
 1462.89 1441.29 -0.6810955419690151
 1486.89 1423.03 -0.6458137111399498
 1510.88 1404.77 -0.664221698760734
 1534.87 1386.52 -0.6810955419690151
 1557.5 1366.8 -0.7163773727980806
 1585.94 1343.04 -0.6458137111399498
 1611.24 1327.66 -0.3497517647948997
 1640.49 1320.9 -0.1580020391891686
 1670.37 1316.3 -0.191750598270357
 1700.35 1308.87 -0.3497517647948997
 1727.65 1297.09 -0.470938701407126
 1754.32 1283.18 -0.470938701407126
 1787.43 1267.36 -0.4540648581988447
 1813.42 1252.71 -0.5936580371026032
 1838.09 1235.19 -0.664221698760734
 1861.4 1216.2 -0.664221698760734
 1885.4 1197.94 -0.6458137111399498
 1909.39 1179.69 -0.6979693851772962
 1937.14 1155.19 -0.750126804543895
 1959.09 1134.74 -0.7332512160063617
 1981.72 1115.02 -0.7163773727980806
 2005.03 1096.03 -0.7163773727980806
 2027.66 1076.31 -0.7163773727980806
 2050.34 1055.18 -0.750126804543895
 2072.29 1034.73 -0.7332512160063617
 2100.67 1012.38 -0.6458137111399498
 2124.66 994.122 -0.6289398679316687
 2149.34 976.596 -0.664221698760734
 2172.65 957.6079999999999 -0.6458137111399498
 2198.69 941.545 -0.3666256080031808
 2227.94 934.794 -0.1058460160859717
 2263.42 931.801 -0.1227200338271781
 2293.35 925.782 -0.2791881031367689
 2321.96 916.886 -0.2623142599284878
 2351.89 910.867 -0.1395940515683844
 2381.72 907.674 0.01687400028791386
 2412.08 909.453 0.1211860639476003
 2442.35 914.058 0.08743802846518751
 2478.36 916.037 0.05215602310319695
 2508.72 917.816 0.1395940515683844
 2538.25 923.103 0.2086244414786382
 2567.73 929.804 0.3144699339658343
 2594.87 942.79 0.5936580371026032
 2623.07 965.7190000000001 0.7332512160063617
 2645.72 985.622 0.6105318803108843
 2672.07 1000.7 0.4540648581988447
 2698.48 1014.37 0.5399682186527537
 2723.32 1032.23 0.750126804543895
 2747.86 1058.57 0.8544381526185879
 2767.58 1081.2 0.8191563217895226
 2789.45 1103.19 0.6979693851772962
 2812.87 1121 0.6274057235191656
 2836.98 1139.54 0.6795613975565121
 2864.45 1163.15 0.7854086353729602
 2884.9 1185.1 0.8191563217895226
 2906.77 1207.1 0.750126804543895
 2929.42 1227 0.6979693851772962
 2956.89 1250.61 0.7148432283855775
 2979.53 1270.51 0.7148432283855775
 3002.18 1290.42 0.6979693851772962
 3026.29 1308.96 0.6626875543482309
 3049.67 1328.18 0.6626875543482309
 3077.87 1351.11 0.6105318803108843
 3103.54 1365.46 0.383499451211462
 3132.92 1374.98 0.2439062723077036
 3162.4 1381.68 0.2607801155159847
 3196.65 1393.51 0.4003732944197432
 3224.52 1405.81 0.4356568705780606
 3251.66 1418.8 0.4878125446154071
 3276.55 1435.24 0.6979693851772962
 3302.55 1460.21 0.8375643094103069
 3323.01 1482.16 0.750126804543895
 3346.39 1501.38 0.6274057235191656
 3369.03 1521.29 0.8897199834476534
 3383.43 1554.34 1.500251863758538
 3380.97 1583.97 1.762573105004033
 3375.88 1607.85 1.72728429285796
 3374.84 1637.53 1.412814358892126
 3387.09 1671.22 1.046188750888945
 3402.42 1697.94 1.099878569338795
 3412.05 1725.87 1.535533694587603
 3406.76 1755.4 2.024878638286261
 3391 1781.02 2.146074301544747
 3378.69 1808.89 1.692002462028895
 3385.98 1843.11 0.9602836451057841
 3406.43 1865.06 0.6795613975565121
 3429.81 1884.28 0.7854086353729602
 3446.6 1909.64 1.343784841646498
 3443.46 1938.54 2.198224739594338
 3413.08 1957.27 3.090925745404398
 3383.45 1954.81 2.985088979563461
 3357.46 1969.46 2.110783744069422
 3352.22 1997.58 1.2916274222799
 3370.96 2027.96 0.6458137111399498
 3396.59 2043.72 0.5399682186527537
 3420.7 2062.26 0.8728461402393721
 3432.27 2095.22 1.814723543053624
 3416.56 2119.43 2.601587783022747
 3387.89 2129.73 2.880770650171761
 3358.59 2137.9 2.793329654646845
 3327.53 2155.91 2.356229396777385
 3310.41 2180.07 2.006465414677721
 3298.1 2207.93 1.971192310494916
 3283.02 2234.29 2.320938839302059
 3254.01 2254.49 2.741179216597254
 3226.02 2265.53 2.618465116889532
 3202.03 2283.79 2.304061505435274
 3184.17 2308.63 2.024878638286261
 3168.84 2342.05 2.077029076335852
 3151.72 2366.21 2.37308927735165
 3127.04 2383.74 2.566297225547423
 3102.37 2401.26 2.478873683315026
 3076.71 2426.54 2.164470071860768
 3062.31 2453.62 2.024878638286261
 3048.64 2480.03 2.093906410202637
 3029.17 2510.47 2.164470071860768
 3011.32 2535.31 2.164470071860768
 2995.55 2560.94 2.110783744069422
 2977.45 2592.85 2.110783744069422
 2960.32 2617.01 2.285665735119254
 2939.05 2638.19 2.409828458106131
 2911.3 2662.68 2.426705791972916
 2888.67 2682.4 2.409828458106131
 2866.73 2702.85 2.409828458106131
 2839.71 2726.66 2.392968577531865
 2817.76 2747.12 2.445119015581456
 2792.4 2763.91 2.793329654646845
 2756.82 2769.73 -3.140091670433077
 2726.41 2769.36 3.124680413137968
 2696.58 2772.56 2.932921088221351
 2661.53 2783.35 2.776469774072579
 2633.54 2794.39 2.793329654646845
 2604.98 2801.87 3.090925745404398
 2574.61 2800.09 -2.913059241333656
 2538.85 2791.05 -3.000500236858572
 2509.17 2790 3.055652641221593
 2479.29 2794.61 2.880770650171761
 2444.29 2803.98 2.968211645696677


# name: v
# type: scalar
60


# name: Kp
# type: scalar
0.7


# name: Ki
# type: scalar
0


# name: Kd
# type: scalar
0.7


# name: goalRadius
# type: scalar
70


