# Created by Octave 4.0.0, Wed Jun 22 13:14:40 2016 BRT <ia368n@ia368n-VirtualBox>
# name: J1
# type: scalar
4128.08806898974


# name: J2
# type: scalar
3253.632380980951


# name: steps
# type: scalar
165


# name: AvgAngleErr
# type: scalar
25.01871556963479


# name: AvgPositionErr
# type: scalar
19.71898412715728


# name: rpath
# type: matrix
# rows: 165
# columns: 3
 500 1800 0
 544.9400000000001 1799.4 0
 575.1660000000001 1800.01 0
 604.847 1799.79 0
 635.912 1799.87 0
 665.592 1799.65 0
 696.112 1798.88 -0.01687400028791386
 732.165 1799.29 0
 762.684 1798.52 0
 792.365 1798.3 -0.01687400028791386
 822.884 1797.53 -0.01687400028791386
 853.403 1796.77 -0.01687400028791386
 883.0839999999999 1796.55 -0.03528200536199057
 913.896 1794.4 -0.07056401072398114
 949.697 1792.58 -0.08743802846518751
 979.963 1789.59 -0.1227200338271781
 1009.98 1784.38 -0.2101585858911412
 1039.45 1778.34 -0.2101585858911412
 1068.37 1771.45 -0.2101585858911412
 1097.59 1763.18 -0.4540648581988447
 1122.73 1746.82 -0.7178329773942437
 1145.16 1726.27 -0.7699886514315903
 1172.06 1701.61 -0.6825511465651785
 1195.57 1682.74 -0.6641431589443942
 1219.63 1664.7 -0.6825511465651785
 1243.14 1645.83 -0.6825511465651785
 1266.11 1626.12 -0.6994249897734596
 1289.07 1606.41 -0.7347068206025249
 1311.49 1585.86 -0.7699886514315903
 1333.37 1564.47 -0.7699886514315903
 1359.43 1540.35 -0.751580663810806
 1381.86 1519.8 -0.7347068206025249
 1404.28 1499.25 -0.751580663810806
 1426.15 1477.86 -0.751580663810806
 1447.73 1457.86 -0.751580663810806
 1470.15 1437.31 -0.751580663810806
 1492.58 1416.76 -0.7178329773942437
 1515.54 1397.05 -0.6641431589443942
 1539.6 1379.01 -0.647269315736113
 1568.68 1357.7 -0.6641431589443942
 1592.2 1338.83 -0.6303954725278319
 1619.27 1323.6 -0.3666256080031808
 1647.94 1314.49 -0.2439062723077036
 1676.87 1307.61 -0.2101585858911412
 1706.34 1301.56 -0.2791881031367689
 1735.01 1292.45 -0.3497517647948997
 1769 1278.69 -0.470938701407126
 1794.69 1263.17 -0.6119874849070477
 1818.75 1245.13 -0.6641431589443942
 1843.1 1225.71 -0.6119874849070477
 1868.25 1209.36 -0.5951136416987665
 1892.85 1192.16 -0.6641431589443942
 1915.82 1172.45 -0.7347068206025249
 1943.27 1148.62 -0.7347068206025249
 1965.69 1128.07 -0.7178329773942437
 1988.65 1108.36 -0.6994249897734596
 2012.16 1089.49 -0.6994249897734596
 2034.58 1068.94 -0.7347068206025249
 2056.71 1049.77 -0.751580663810806
 2083.62 1025.11 -0.6994249897734596
 2106.58 1005.4 -0.6641431589443942
 2130.64 987.365 -0.647269315736113
 2154.7 969.329 -0.6303954725278319
 2185.17 948.3150000000001 -0.4893466890279102
 2212.2 936.693 -0.3144699339658343
 2241.96 929.2619999999999 -0.2101585858911412
 2271.43 923.2140000000001 -0.1564680693095908
 2301.99 918.843 -0.1227200338271781
 2332.26 915.855 -0.1043120462063939
 2367.81 911.817 -0.07056401072398114
 2398.33 911.051 0
 2428.55 911.669 0.03528200536199057
 2457.94 912.832 0.01687400028791386
 2489.01 912.904 0.03528200536199057
 2518.1 915.451 0.1748767550620758
 2553.78 924.451 0.2960619463450501
 2582.25 933.37 0.4019074388322462
 2609.54 947.823 0.575250049481819
 2634.03 965.296 0.6810955419690151
 2657.39 984.697 0.6810955419690151
 2685.99 1006.65 0.6458137111399498
 2709.64 1024.67 0.6626875543482309
 2733.84 1043.53 0.7148432283855775
 2756.36 1063.47 0.750126804543895
 2778.04 1083.97 0.750126804543895
 2805.21 1109.24 0.750126804543895
 2826.89 1129.73 0.750126804543895
 2849.41 1149.67 0.750126804543895
 2871.64 1171 0.750126804543895
 2894.16 1190.95 0.750126804543895
 2919.95 1215.93 0.750126804543895
 2942.47 1235.87 0.750126804543895
 2964.7 1257.2 0.768534792164679
 2990.49 1282.18 0.7148432283855775
 3014.69 1301.04 0.6626875543482309
 3037.5 1319.6 0.6626875543482309
 3061.69 1338.45 0.6810955419690151
 3085.34 1356.47 0.5415023630652567
 3112.93 1369.54 0.3666256080031808
 3147.19 1381.85 0.2791881031367689
 3175.95 1389.39 0.2960619463450501
 3204.96 1399.15 0.3497517647948997
 3233.69 1410.29 0.383499451211462
 3260.73 1422.52 0.4540648581988447
 3291.3 1442 0.7332512160063617
 3312.14 1463.04 0.8544381526185879
 3332.69 1485.46 0.7854086353729602
 3354.92 1506.79 0.768534792164679
 3373.25 1529.46 1.116752412547076
 3383.11 1564.8 1.535533694587603
 3382.49 1595.03 1.58768936862495
 3382.71 1624.71 1.483378020550257
 3387.09 1655.27 1.379066672475564
 3394.18 1690.02 1.379066672475564
 3399.39 1720.03 1.518659851379322
 3398.77 1750.26 1.606097356245734
 3398.16 1780.48 1.639846787991548
 3396.16 1810.42 1.606097356245734
 3394.91 1847.02 1.553941682208387
 3395.68 1877.53 1.553941682208387
 3395.9 1907.22 1.622971199454015
 3393.9 1937.15 1.658254775612332
 3389.89 1973.16 1.710410449649679
 3384.82 2003.89 1.780968875320054
 3378.67 2032.95 1.797846209186839
 3369.67 2068.63 1.885287204711755
 3357.44 2095.67 2.112319633811177
 3340.51 2121 2.233497843777144
 3322.5 2144.65 2.216637963202878
 3301.09 2174.08 2.199760629336093
 3282.23 2198.28 2.233497843777144
 3263.67 2221.09 2.268788401252469
 3244.26 2244.45 2.268788401252469
 3220.92 2272.76 2.251911067385684
 3201.52 2296.12 2.268788401252469
 3182.12 2319.47 2.320938839302059
 3157.15 2345.26 2.339352062910599
 3136.65 2366.95 2.339352062910599
 3115.32 2389.17 2.285665735119254
 3095.38 2411.69 2.268788401252469
 3073.42 2440.29 2.251911067385684
 3054.02 2463.65 2.268788401252469
 3034.62 2487.01 2.181347405727553
 3016.52 2517.87 2.041755972153046
 3003.45 2545.46 2.006465414677721
 2990.38 2573.05 2.093906410202637
 2972.91 2597.54 2.268788401252469
 2947.93 2623.33 2.356229396777385
 2926.6 2645.55 2.304061505435274
 2906.65 2668.07 2.320938839302059
 2881.13 2693.03 2.425257168693761
 2858.17 2712.74 2.443670392302301
 2835.2 2732.45 2.425257168693761
 2812.23 2752.16 2.512698164218677
 2780.42 2769.28 2.860908803284065
 2750.95 2775.33 2.983622902991786
 2720.39 2779.7 3.000500236858572
 2684.01 2784.28 3.017377570725357
 2654.28 2788.11 3.000500236858572
 2624.56 2791.93 3.035790794333897
 2594.3 2794.92 3.087941232383487
 2558.5 2796.74 3.104818566250273
 2527.98 2797.5 3.123231789858813
 2497.46 2798.27 3.123231789858813
 2467.78 2798.49 3.123231789858813


# name: v
# type: scalar
60


# name: Kp
# type: scalar
0.4


# name: Ki
# type: scalar
0


# name: Kd
# type: scalar
0.7


# name: goalRadius
# type: scalar
70


