# Created by Octave 4.0.0, Tue Jun 21 14:13:04 2016 BRT <ia368n@ia368n-VirtualBox>
# name: straj
# type: matrix
# rows: 47
# columns: 2
 5 18
 6 17.99904841595129
 7 17.99666599698545
 8 17.98927821927201
 9 17.96580358986403
 10 17.89103102389939
 11 17.65280278711055
 12 16.89377753179912
 13 15.97541811436897
 14 15.02018596669927
 14.99999999999992 14.09523349225
 15.99999999999843 13.31313291448057
 16.99999999998036 13.00073470659532
 17.99999999981963 12.68944320043557
 18.99999999869522 11.91232283579974
 19.99999999221781 11.003694512117
 20.99999996038378 10.10061664970481
 21.99999982286322 9.348472615196341
 22.99999928638589 9.119045706981542
 23.99999734850187 9.068194225431611
 24.99999071717373 9.119639233382253
 25.99996879951159 9.350546568270106
 26.99989778505937 10.10727597836769
 27.99966998773442 11.02492094354436
 28.99894246258316 11.97994885075656
 29.9966227729032 12.90490184266685
 30.98923047877627 13.68720974360807
 31.96567652436458 14.00033457887826
 32.89062961675197 14.31396352674071
 33.65151923408871 15.0985397144475
 33.88967984219084 16.03092699011475
 33.96235264862328 17.00970576229301
 33.97854746165581 18.00304362567982
 33.96255736773751 19.0009467078544
 33.89039822587841 20.000268790718
 33.65383227803603 20.99999194742279
 32.89801137909409 21.99969970635159
 31.98920474498892 22.99895250651113
 31.06420283021377 23.99662858713754
 30.23550309645498 24.98924156088108
 29.76005627149093 25.96571094523265
 28.92469246334901 26.8907414096135
 27.97636630877086 27.65187963002984
 26.99258890032068 27.89083409548462
 25.99769440118821 27.96603764303116
 24.99934127795558 27.99029656917812
 24 28


# name: mapa
# type: matrix
# rows: 17
# columns: 4
 0 0 4680 0
 0 0 0 3200
 0 3200 4680 3200
 4680 0 4680 3200
 0 2280 920 2280
 920 2280 920 3200
 4190 2365 4680 2365
 4190 2365 4190 3200
 4030 0 4680 650
 920 2280 920 2080
 920 2080 1840 2080
 1840 2080 2330 1355
 2330 1355 3020 1835
 3020 1835 2690 2315
 2690 2315 2195 1975
 2195 1975 2025 2210
 2025 2210 1840 2080


