# Created by Octave 4.0.0, Wed Jun 22 15:31:19 2016 BRT <ia368n@ia368n-VirtualBox>
# name: J1
# type: scalar
8545.658427598668


# name: J2
# type: scalar
2711.306738693591


# name: steps
# type: scalar
163


# name: AvgAngleErr
# type: scalar
52.42735231655625


# name: AvgPositionErr
# type: scalar
16.63378367296682


# name: rpath
# type: matrix
# rows: 163
# columns: 3
 500 1800 0
 538.073 1800.67 0
 568.476 1799.87 0
 598.4880000000001 1800.43 0
 629.374 1800.51 0
 658.902 1800.19 -0.01687400028791386
 689.306 1799.39 -0.01687400028791386
 719.317 1799.95 0
 749.72 1799.15 0
 780.607 1799.22 -0.01687400028791386
 810.135 1798.9 -0.01687400028791386
 850.35 1797.25 -0.03374803548241275
 880.754 1796.45 -0.03374803548241275
 911.157 1795.65 -0.05215602310319695
 941.077 1793.97 -0.06903004084440333
 970.996 1792.3 -0.06903004084440333
 1001.31 1789.26 -0.1395940515683844
 1031.53 1783.99 -0.2086244414786382
 1060.78 1776.97 -0.2791881031367689
 1099.27 1765.99 -0.3313437771741155
 1127.46 1754.99 -0.4878125446154071
 1152.76 1738.73 -0.661153409935728
 1176.12 1718.97 -0.8007483341687384
 1196.27 1697.56 -0.8697778514143661
 1216.34 1673.91 -0.852904008206085
 1236.01 1651.61 -0.8007483341687384
 1265.31 1624 -0.7133108293023265
 1288.67 1604.25 -0.661153409935728
 1312.52 1585.36 -0.6780272531440091
 1335 1566.09 -0.7301846725106077
 1357.87 1545.46 -0.7838744909604572
 1379.39 1524.43 -0.8007483341687384
 1399.55 1503.01 -0.8007483341687384
 1421.46 1480.63 -0.7654665033396729
 1450.76 1453.02 -0.7301846725106077
 1473.24 1433.74 -0.7133108293023265
 1496.12 1413.11 -0.6964352407647932
 1519.08 1394.71 -0.6780272531440091
 1542.92 1375.83 -0.661153409935728
 1566.77 1356.95 -0.661153409935728
 1598.88 1332.35 -0.6442795667274467
 1624.17 1316.1 -0.4878125446154071
 1651.4 1303.34 -0.3129357895533313
 1680.65 1296.32 -0.1395940515683844
 1710.48 1292.41 -0.06903004084440333
 1740.79 1289.38 -0.1211860639476003
 1780.34 1282.38 -0.2791881031367689
 1809.02 1272.25 -0.5215602310319695
 1833.83 1255.12 -0.7133108293023265
 1855.83 1234.97 -0.8176221773770196
 1876.37 1212.19 -0.852904008206085
 1896.53 1190.78 -0.8007483341687384
 1925.35 1162.29 -0.7301846725106077
 1948.71 1142.53 -0.6780272531440091
 1972.07 1122.78 -0.661153409935728
 1995.03 1104.38 -0.6964352407647932
 2018.39 1084.62 -0.7301846725106077
 2048.18 1057.88 -0.7485926601313919
 2070.18 1037.73 -0.7485926601313919
 2092.57 1016.22 -0.7485926601313919
 2114.57 996.074 -0.7133108293023265
 2138.41 977.192 -0.6442795667274467
 2162.74 959.184 -0.5905897482775971
 2195.82 936.342 -0.5384340742402507
 2222.56 922.711 -0.4003732944197432
 2251.24 912.582 -0.2086244414786382
 2280.58 907.796 -0.06903004084440333
 2310.99 906.995 0.03528200536199057
 2350.9 908.937 0.07056401072398114
 2381.4 910.371 0.05368999298277476
 2411.89 911.804 0.01840798762078419
 2441.9 912.362 0
 2472.31 911.561 -0.01687400028791386
 2512.61 912.144 0.08743802846518751
 2542.32 916.295 0.2101585858911412
 2571.74 924.039 0.2975960907575531
 2600.36 934.501 0.472472845819629
 2626.06 950.0069999999999 0.6458137111399498
 2656.21 975.624 0.768534792164679
 2678.11 996.657 0.8038166229937446
 2699.62 1019.05 0.768534792164679
 2721.04 1039.21 0.7163773727980806
 2744.69 1059.27 0.664221698760734
 2776.58 1083.92 0.6458137111399498
 2800.14 1101.75 0.6458137111399498
 2824.18 1120.46 0.6995035295897993
 2846.48 1140.13 0.768534792164679
 2867.99 1162.53 0.8390984538228098
 2888.14 1184.53 0.8728461402393721
 2907.02 1208.37 0.8912541278601565
 2926.29 1230.85 0.8206904662020256
 2947.8 1253.24 0.7163773727980806
 2978.82 1278.38 0.6120660247233874
 3004.13 1295.24 0.5767841938943221
 3028.57 1312.59 0.5936580371026032
 3053 1329.94 0.6458137111399498
 3084.9 1354.59 0.664221698760734
 3109.81 1372.81 0.5246285198569756
 3135.91 1386.96 0.3850335956239651
 3164.54 1397.42 0.2623142599284878
 3203.37 1405.67 0.19328474268286
 3234.05 1411.57 0.2101585858911412
 3262.97 1418.44 0.2623142599284878
 3291.99 1427.54 0.4203154264530304
 3318.57 1442.57 0.6995035295897993
 3345.31 1472.35 1.012439319143131
 3359.81 1498.61 1.152034243376141
 3370.82 1526.81 1.274753579071618
 3378.71 1555.58 1.345317240729749
 3387.07 1595.52 1.414348503304629
 3391.85 1624.86 1.449630334133694
 3394.89 1655.17 1.501786008171041
 3396.56 1685.09 1.537067839000106
 3397.36 1715.49 1.553941682208387
 3397.66 1755.32 1.553941682208387
 3397.58 1786.2 1.570815525416668
 3397.9 1815.73 1.589223513037453
 3397.34 1845.74 1.589223513037453
 3395.88 1886.53 1.606097356245734
 3395.32 1916.55 1.624505343866518
 3393.89 1947.04 1.624505343866518
 3391.1 1977.14 1.658254775612332
 3386.92 2017.15 1.745695771137248
 3380.54 2046.95 1.816259432795379
 3372.79 2076.37 1.86840987084497
 3357.75 2113.24 2.095442299944392
 3340.88 2138.55 2.216637963202878
 3323.05 2162.11 2.287201624861009
 3302.5 2184.88 2.304061505435274
 3275.53 2214.64 2.304061505435274
 3254.98 2237.41 2.304061505435274
 3235.3 2259.71 2.304061505435274
 3214.75 2282.48 2.304061505435274
 3187.78 2312.23 2.322474729043815
 3166.74 2334.13 2.322474729043815
 3146.59 2355.55 2.322474729043815
 3118.74 2385.79 2.287201624861009
 3099.54 2408.96 2.270324290994224
 3080.35 2432.12 2.270324290994224
 3053.86 2462.75 2.270324290994224
 3034.67 2485.92 2.235033733518898
 3017.32 2510.35 2.130732857419718
 3001.82 2536.06 2.043291861894801
 2984.54 2573.02 2.008001304419476
 2970.87 2599.99 2.130732857419718
 2953.53 2624.42 2.235033733518898
 2934.34 2647.59 2.304061505435274
 2906 2676.95 2.39150250096019
 2884 2697.1 2.443670392302301
 2860.16 2715.99 2.478943496485106
 2828.05 2740.58 2.478943496485106
 2804.2 2759.46 2.531093934534697
 2778.43 2774.84 2.707424548863683
 2750.23 2785.85 2.8991838737803
 2710.69 2792.84 3.057188530963347
 2680.77 2794.52 3.109338969012938
 2650.36 2795.32 -3.140091670433077
 2620.35 2794.76 -3.140091670433077
 2579.65 2795.54 3.109338969012938
 2549.25 2796.34 3.109338969012938
 2519.33 2798.01 3.090925745404398
 2488.93 2798.82 3.109338969012938
 2448.71 2800.47 3.126216302879723


# name: v
# type: scalar
100


# name: Kp
# type: scalar
0.6


# name: Ki
# type: scalar
0


# name: Kd
# type: scalar
0.4


# name: goalRadius
# type: scalar
70


