# Created by Octave 4.0.0, Wed Jun 22 15:25:43 2016 BRT <ia368n@ia368n-VirtualBox>
# name: J1
# type: scalar
34663.68495978534


# name: J2
# type: scalar
17751.12941730902


# name: steps
# type: scalar
103


# name: AvgAngleErr
# type: scalar
336.5406306775276


# name: AvgPositionErr
# type: scalar
172.341062303971


# name: rpath
# type: matrix
# rows: 103
# columns: 3
 500 1800 0
 558.6 1799.75 0
 619.2 1800.51 0
 669.2 1800.47 0
 720 1799.83 -0.01687400028791386
 770.799 1799.19 -0.01687400028791386
 820.199 1798.35 -0.01687400028791386
 870.998 1797.71 -0.01687400028791386
 921.197 1796.27 -0.03374803548241275
 972.196 1794.23 -0.06903004084440333
 1021.99 1790.59 -0.1395940515683844
 1080.78 1778.95 -0.2607801155159847
 1129.37 1763.71 -0.4356568705780606
 1172.95 1738.48 -0.661153409935728
 1210.53 1705.25 -0.8176221773770196
 1243.7 1667.82 -0.8697778514143661
 1275.67 1628.8 -0.9050596822434315
 1307.04 1588.97 -0.8697778514143661
 1340.21 1551.55 -0.8007483341687384
 1376.58 1516.72 -0.7301846725106077
 1422.95 1476.88 -0.6964352407647932
 1461.72 1445.25 -0.6964352407647932
 1499.9 1412.82 -0.7133108293023265
 1538.07 1380.39 -0.6964352407647932
 1577.65 1348.16 -0.6780272531440091
 1616.42 1316.53 -0.6105318803108843
 1660 1291.3 -0.4003732944197432
 1707.79 1276.66 -0.191750598270357
 1768.19 1268.81 -0.05215602310319695
 1817.78 1266.57 -0.1395940515683844
 1866.77 1253.54 -0.470938701407126
 1907.95 1225.1 -0.8360301649978038
 1935.32 1183.28 -1.148965954551135
 1955.48 1136.87 -1.167373942171919
 1978.25 1092.25 -0.9756233439015621
 2010.82 1054.02 -0.7133108293023265
 2059.39 1018.79 -0.4878125446154071
 2105.37 996.749 -0.4525307137863418
 2149.96 974.515 -0.5046863878236882
 2193.54 949.2809999999999 -0.5230943754444725
 2238.32 925.646 -0.4356568705780606
 2285.3 906.609 -0.2960619463450501
 2333.9 896.371 -0.1043120462063939
 2394.1 894.924 0.08743802846518751
 2443.9 901.2859999999999 0.1580020391891686
 2494.11 909.847 0.19328474268286
 2543.92 921.208 0.2270324290994224
 2592.13 933.77 0.2975960907575531
 2648.14 956.727 0.5246285198569756
 2689.17 984.6950000000001 0.6995035295897993
 2725.59 1019.87 0.8390984538228098
 2758.82 1057.44 0.8728461402393721
 2791.25 1095.62 0.855972297031091
 2825.88 1133.39 0.8038166229937446
 2868.51 1175.15 0.7332512160063617
 2906.74 1207.73 0.6995035295897993
 2945.76 1239.69 0.6995035295897993
 2984.59 1273.06 0.7163773727980806
 3021.22 1306.84 0.7332512160063617
 3059.24 1340.81 0.7163773727980806
 3105.27 1378.77 0.6120660247233874
 3148.69 1404.94 0.4019074388322462
 3196.51 1420.3 0.2101585858911412
 3246.91 1427.46 0.1058460160859717
 3296.31 1431.62 0.1058460160859717
 3345.52 1442.18 0.4371892696613116
 3386.35 1471.55 0.9081279710684375
 3410.79 1525.73 1.449630334133694
 3409.43 1575.53 1.764091541453269
 3396.06 1624.34 1.885287204711755
 3381.3 1672.96 1.780968875320054
 3374.95 1732.76 1.553941682208387
 3379.99 1782.76 1.362192829267282
 3393.83 1831.15 1.222597905034272
 3409.86 1879.13 1.326909253108965
 3417.9 1928.13 1.553941682208387
 3411.55 1987.93 1.851532536978184
 3393.38 2035.35 2.024878638286261
 3370.62 2079.96 2.043291861894801
 3348.45 2125.38 2.043291861894801
 3323.69 2169 2.130732857419718
 3288.13 2218.23 2.287201624861009
 3253.56 2255.46 2.374625167093405
 3216.58 2289.48 2.426793058435515
 3177.81 2321.11 2.443670392302301
 3132.84 2361.15 2.374625167093405
 3097.67 2397.58 2.287201624861009
 3065.7 2436.6 2.235033733518898
 3035.73 2476.63 2.182883295469308
 3007.56 2519.05 2.112319633811177
 2978 2571.27 2.008001304419476
 2957.84 2617.69 1.991123970552691
 2935.07 2662.3 2.164470071860768
 2903.7 2702.13 2.356229396777385
 2857.53 2740.56 2.567833115289178
 2813.95 2765.8 2.724301882730469
 2767.17 2783.43 2.863893316304975
 2717.78 2794.27 3.003484749879482
 2667.78 2799.31 3.090925745404398
 2606.98 2799.96 -3.121695900117058
 2557.18 2798.6 -3.104818566250273
 2505.98 2797.04 -3.121695900117058
 2455.98 2797.08 3.126216302879723


# name: v
# type: scalar
100


# name: Kp
# type: scalar
0.4


# name: Ki
# type: scalar
0


# name: Kd
# type: scalar
0.4


# name: goalRadius
# type: scalar
70


