# Created by Octave 4.0.0, Wed Jun 22 15:22:38 2016 BRT <ia368n@ia368n-VirtualBox>
# name: J1
# type: scalar
9524.402981163503


# name: J2
# type: scalar
4281.780733930756


# name: steps
# type: scalar
101


# name: AvgAngleErr
# type: scalar
94.30101961548023


# name: AvgPositionErr
# type: scalar
42.39386865277976


# name: rpath
# type: matrix
# rows: 101
# columns: 3
 500 1800 0
 559 1800 0
 609 1800 0
 660 1800 0
 710 1800 0
 760 1799 -0.01687400028791386
 811 1799 -0.01687400028791386
 861 1798 -0.01687400028791386
 911 1796 -0.05215602310319695
 972 1792 -0.0859040585856097
 1022 1786 -0.1733420870507972
 1071 1775 -0.2607801155159847
 1137 1751 -0.5583762062735378
 1177 1720 -0.7838744909604572
 1210 1682 -0.8713119958268691
 1243 1644 -0.8191563217895226
 1279 1609 -0.6979693851772962
 1318 1577 -0.6626875543482309
 1357 1545 -0.7148432283855775
 1394 1511 -0.7838744909604572
 1437 1468 -0.7838744909604572
 1473 1433 -0.750126804543895
 1510 1399 -0.6979693851772962
 1549 1368 -0.6442795667274467
 1590 1339 -0.5230943754444725
 1636 1317 -0.3482176203823966
 1684 1302 -0.2439062723077036
 1743 1289 -0.2254982846869193
 1791 1275 -0.4187812820405274
 1835 1251 -0.6442795667274467
 1873 1217 -0.7838744909604572
 1908 1181 -0.8022824785812415
 1943 1145 -0.750126804543895
 1981 1112 -0.6626875543482309
 2030 1076 -0.6442795667274467
 2069 1045 -0.7148432283855775
 2106 1010 -0.750126804543895
 2151 970 -0.6979693851772962
 2191 940 -0.4878125446154071
 2238 921 -0.2607801155159847
 2287 912 -0.06903004084440333
 2338 911 0.01687400028791386
 2388 912 0.01687400028791386
 2448 912 0
 2499 912 0.05215602310319695
 2549 918 0.2086244414786382
 2597 932 0.4356568705780606
 2640 958 0.6795613975565121
 2684 1000 0.8022824785812415
 2718 1036 0.7838744909604572
 2756 1070 0.6795613975565121
 2795 1101 0.6626875543482309
 2834 1133 0.7317188169231107
 2871 1168 0.7838744909604572
 2906 1204 0.7838744909604572
 2942 1239 0.767000647752176
 2986 1280 0.7148432283855775
 3025 1313 0.6795613975565121
 3064 1344 0.6442795667274467
 3105 1374 0.5399682186527537
 3160 1398 0.2607801155159847
 3209 1407 0.1211860639476003
 3259 1414 0.191750598270357
 3308 1427 0.4525307137863418
 3354 1465 1.010905174730628
 3372 1512 1.395940515683845
 3377 1562 1.500251863758538
 3381 1612 1.464970032929472
 3388 1662 1.395940515683845
 3399 1721 1.429688202100407
 3403 1772 1.569281381004166
 3401 1822 1.656720631199829
 3396 1872 1.656720631199829
 3391 1932 1.622971199454015
 3388 1983 1.656720631199829
 3382 2032 1.762573105004033
 3371 2082 1.814723543053624
 3357 2130 1.971192310494916
 3324 2181 2.37308927735165
 3285 2211 2.600121706451072
 3243 2240 2.408379834826976
 3209 2277 2.198224739594338
 3182 2319 2.129196967677963
 3148 2369 2.285665735119254
 3113 2405 2.389966611218435
 3076 2440 2.35469350703563
 3042 2476 2.302525615693519
 3009 2515 2.162934182119013
 2981 2568 1.93590175301959
 2964 2616 1.93590175301959
 2941 2660 2.268788401252469
 2904 2694 2.547971268401482
 2861 2719 2.669166931659968
 2807 2748 2.564848602268267
 2766 2777 2.529558044792942
 2722 2801 2.827154135550495
 2673 2809 -3.071063898516702
 2623 2800 -2.860908803284065
 2565 2784 -3.018913460467112
 2515 2783 3.035790794333897
 2465 2791 2.931472464942196


# name: v
# type: scalar
100


# name: Kp
# type: scalar
0.6


# name: Ki
# type: scalar
0


# name: Kd
# type: scalar
0.6


# name: goalRadius
# type: scalar
70


