# Created by Octave 4.0.0, Wed Jun 22 15:29:07 2016 BRT <ia368n@ia368n-VirtualBox>
# name: J1
# type: scalar
17691.61467015276


# name: J2
# type: scalar
9899.125148781972


# name: steps
# type: scalar
162


# name: AvgAngleErr
# type: scalar
109.2074979639059


# name: AvgPositionErr
# type: scalar
61.10571079495044


# name: rpath
# type: matrix
# rows: 162
# columns: 3
 500 1800 0
 538.6 1800.23 0
 568.6 1800.25 0
 598.6 1800.28 0
 629.399 1800.9 0
 670 1800.13 -0.01840798762078419
 699.2 1799.56 -0.01840798762078419
 729.801 1798.78 -0.01840798762078419
 760.402 1798 -0.01840798762078419
 790.402 1798.03 0
 820.402 1798.05 0
 851.201 1798.67 0
 891.802 1797.91 -0.01840798762078419
 911.002 1797.32 -0.03528200536199057
 941.603 1796.54 -0.07056401072398114
 971.806 1792.97 -0.1058460160859717
 1011.01 1787.4 -0.2101585858911412
 1040.62 1779.62 -0.2623142599284878
 1070.22 1771.84 -0.2975960907575531
 1098.03 1761.47 -0.4540648581988447
 1140.65 1734.7 -0.7516592036271459
 1161.07 1712.51 -0.8728461402393721
 1181.49 1690.33 -0.7854086353729602
 1203.5 1669.35 -0.6810955419690151
 1227.32 1650.97 -0.6120660247233874
 1252.73 1633.79 -0.6120660247233874
 1277.34 1616.01 -0.6458137111399498
 1308.76 1590.83 -0.7332512160063617
 1330.18 1570.65 -0.768534792164679
 1352.2 1549.66 -0.7854086353729602
 1373.41 1528.08 -0.7854086353729602
 1394.63 1506.5 -0.768534792164679
 1416.65 1485.51 -0.7516592036271459
 1438.66 1464.53 -0.7332512160063617
 1468.48 1438.15 -0.7332512160063617
 1491.3 1417.77 -0.7163773727980806
 1514.31 1398.79 -0.6810955419690151
 1538.73 1379.61 -0.6458137111399498
 1562.54 1361.23 -0.6458137111399498
 1586.36 1342.85 -0.6458137111399498
 1619.57 1320.27 -0.4540648581988447
 1647.18 1308.49 -0.2975960907575531
 1676.19 1301.52 -0.1748767550620758
 1706.79 1295.74 -0.2101585858911412
 1735.8 1288.76 -0.2623142599284878
 1764.8 1281.78 -0.3144699339658343
 1793.21 1270.61 -0.4893466890279102
 1827.23 1248.63 -0.6810955419690151
 1849.45 1229.05 -0.7332512160063617
 1872.26 1208.67 -0.7163773727980806
 1895.08 1188.29 -0.6995035295897993
 1918.09 1169.3 -0.6995035295897993
 1948.71 1143.53 -0.6995035295897993
 1972.33 1123.75 -0.7163773727980806
 1994.54 1104.16 -0.7163773727980806
 2018.16 1084.38 -0.7163773727980806
 2040.17 1063.4 -0.7332512160063617
 2062.39 1043.82 -0.7516592036271459
 2085.21 1023.43 -0.7163773727980806
 2115.83 997.658 -0.664221698760734
 2139.64 979.277 -0.6289398679316687
 2164.25 961.496 -0.6120660247233874
 2197.27 937.522 -0.6289398679316687
 2229.69 914.347 -0.5767841938943221
 2256.1 899.168 -0.3850335956239651
 2284.91 890.79 -0.1227200338271781
 2315.51 890.014 0.2086244414786382
 2343.9 898.836 0.4187812820405274
 2371.29 910.657 0.4003732944197432
 2409.68 924.487 0.2086244414786382
 2439.48 928.11 -0.03528200536199057
 2469.08 925.333 -0.2623142599284878
 2498.49 916.1559999999999 -0.3666256080031808
 2526.3 905.778 -0.3328779215866185
 2565.51 895.2089999999999 -0.03528200536199057
 2594.5 898.231 0.3650914635906778
 2620.89 913.052 0.8360301649978038
 2638.67 937.6660000000001 1.167373942171919
 2651.24 975.875 1.167373942171919
 2665.82 1003.09 0.9403415130724969
 2685.4 1025.3 0.6964352407647932
 2709.39 1043.32 0.5230943754444725
 2745.58 1061.75 0.470938701407126
 2771.96 1076.57 0.5583762062735378
 2796.55 1093.79 0.6964352407647932
 2818.73 1114.21 0.8176221773770196
 2839.12 1137.02 0.852904008206085
 2865.49 1166.84 0.8176221773770196
 2886.48 1188.86 0.7838744909604572
 2908.66 1209.28 0.7301846725106077
 2930.84 1229.69 0.7133108293023265
 2961.02 1256.12 0.7133108293023265
 2984.61 1276.34 0.7133108293023265
 3015.39 1301.96 0.6780272531440091
 3038.77 1320.78 0.6780272531440091
 3061.56 1340.4 0.6780272531440091
 3085.54 1358.41 0.6780272531440091
 3118.33 1383.04 0.4878125446154071
 3145.72 1394.86 0.2960619463450501
 3175.31 1402.08 0.1395940515683844
 3205.11 1405.71 0.1211860639476003
 3235.1 1410.73 0.2086244414786382
 3273.7 1420.96 0.4003732944197432
 3300.69 1434.98 0.661153409935728
 3322.87 1455.4 0.8881858390351502
 3340.65 1480.01 1.027780763268161
 3359.22 1515.23 1.219529616209266
 3368.4 1544.63 1.271685290246612
 3377.38 1572.64 1.30696886640493
 3383.75 1602.45 1.375998383650557
 3390.12 1642.25 1.463435888516969
 3392.9 1671.85 1.515591562554316
 3394.48 1703.05 1.5339995501751
 3395.05 1732.25 1.550873393383381
 3395.82 1772.86 1.550873393383381
 3396.6 1803.46 1.569281381004166
 3396.57 1833.46 1.569281381004166
 3396.55 1863.46 1.586155224212447
 3395.12 1903.66 1.621438800370764
 3393.1 1934.65 1.638312643579045
 3390.87 1964.25 1.673594474408111
 3387.25 1994.05 1.725750148445457
 3380.02 2033.64 1.777914549129064
 3373.6 2063.84 1.830064987178654
 3363.97 2091.63 2.004929524935966
 3349.95 2118.62 2.179811515985798
 3324.53 2150.8 2.267252511510714
 3304.91 2173.58 2.284129845377499
 3285.29 2196.37 2.284129845377499
 3266.47 2219.75 2.267252511510714
 3240.85 2250.53 2.267252511510714
 3221.23 2273.32 2.267252511510714
 3201.01 2296.9 2.301007179244284
 3180.6 2319.09 2.319402949560304
 3153.37 2348.67 2.319402949560304
 3132.96 2370.85 2.319402949560304
 3112.54 2393.04 2.284129845377499
 3086.91 2423.82 2.267252511510714
 3067.3 2446.6 2.267252511510714
 3047.88 2470.78 2.231961954035389
 3024.65 2503.37 2.109247854327667
 3009.83 2529.76 2.040220082411291
 2996.41 2555.94 2.021806858802751
 2983.19 2583.53 2.040220082411291
 2963.16 2618.52 2.231961954035389
 2943.55 2641.3 2.33628028342709
 2921.53 2662.29 2.423721278952006
 2890.91 2688.06 2.475871717001596
 2866.49 2707.24 2.475871717001596
 2843.48 2726.23 2.458994383134811
 2812.06 2751.4 2.475871717001596
 2787.45 2769.18 2.667631041918213
 2759.84 2780.96 2.85937291354231
 2720.23 2788.73 3.052668128200682
 2690.43 2790.11 3.121695900117058
 2659.83 2790.88 3.121695900117058
 2619.23 2791.65 3.086405342641732
 2589.43 2793.03 3.086405342641732
 2559.03 2795.2 3.069528008774947
 2519.42 2797.97 3.086405342641732
 2488.82 2798.75 3.121695900117058
 2458.22 2799.53 3.140091670433077


# name: v
# type: scalar
100


# name: Kp
# type: scalar
0.5


# name: Ki
# type: scalar
0


# name: Kd
# type: scalar
0.5


# name: goalRadius
# type: scalar
70


