# Created by Octave 4.0.0, Tue Jun 21 19:02:23 2016 BRT <ia368n@ia368n-VirtualBox>
# name: J1
# type: scalar
28268.39898505758


# name: J2
# type: scalar
22880.42457864874


# name: steps
# type: scalar
169


# name: AvgAngleErr
# type: scalar
167.268633047678


# name: AvgPositionErr
# type: scalar
135.387127684312


# name: rpath
# type: matrix
# rows: 169
# columns: 3
 500 1800 0
 545.342 1800.37 0
 575.821 1800.4 0
 606.301 1800.42 0
 636.025 1801.11 0
 666.504 1801.13 0
 696.328 1800.41 0
 726.808 1800.43 -0.01687400028791386
 756.6319999999999 1799.71 -0.01687400028791386
 787.111 1799.73 -0.01687400028791386
 823.333 1798.75 -0.01687400028791386
 853.813 1798.78 -0.01687400028791386
 877.994 1797.65 -0.01687400028791386
 914.216 1796.67 -0.03528200536199057
 944.795 1795.28 -0.05215602310319695
 974.7190000000001 1793.14 -0.08743802846518751
 1004.74 1789.59 -0.1395940515683844
 1034.11 1785.29 -0.1748767550620758
 1063.58 1779.57 -0.2439062723077036
 1093.24 1771.04 -0.3497517647948997
 1120.95 1760.24 -0.4356568705780606
 1153.38 1742.68 -0.5415023630652567
 1178.65 1726.04 -0.6458137111399498
 1201.97 1707.13 -0.7148432283855775
 1224.62 1687.46 -0.767000647752176
 1245.97 1666.29 -0.8007483341687384
 1266.66 1644.36 -0.8360301649978038
 1286.69 1621.67 -0.8544381526185879
 1307.38 1599.74 -0.8360301649978038
 1331.29 1572.36 -0.8191563217895226
 1351.98 1550.43 -0.8191563217895226
 1372.67 1528.5 -0.8007483341687384
 1394.77 1506.67 -0.7838744909604572
 1416.11 1485.5 -0.767000647752176
 1437.46 1464.32 -0.767000647752176
 1458.8 1443.15 -0.7485926601313919
 1485.33 1418.79 -0.7317188169231107
 1508.74 1398.47 -0.6979693851772962
 1532.06 1379.56 -0.6810955419690151
 1555.37 1360.65 -0.6626875543482309
 1579.33 1342.5 -0.6289398679316687
 1604.61 1325.85 -0.5415023630652567
 1631.86 1311.48 -0.4540648581988447
 1658.9 1299.92 -0.3666256080031808
 1693.1 1287.45 -0.3144699339658343
 1722.11 1278.16 -0.2623142599284878
 1751.68 1271.03 -0.2270324290994224
 1780.49 1264.56 -0.2270324290994224
 1810.06 1257.44 -0.3144699339658343
 1838.51 1245.98 -0.4187812820405274
 1865.66 1233.01 -0.5062205322361913
 1896.78 1213.94 -0.6105318803108843
 1920.74 1195.79 -0.6810955419690151
 1943.4 1176.12 -0.7485926601313919
 1964.75 1154.95 -0.8007483341687384
 1985.43 1133.02 -0.8360301649978038
 2005.47 1110.33 -0.8360301649978038
 2025.5 1087.65 -0.8360301649978038
 2050.07 1061.03 -0.8191563217895226
 2070.76 1039.1 -0.8191563217895226
 2091.45 1017.17 -0.8007483341687384
 2113.55 995.336 -0.7485926601313919
 2135.55 974.915 -0.7148432283855775
 2158.86 956.006 -0.6626875543482309
 2188.01 934.673 -0.575250049481819
 2214.6 919.539 -0.470938701407126
 2241.74 906.572 -0.3497517647948997
 2270 897.9349999999999 -0.2439062723077036
 2300.22 891.5650000000001 -0.1395940515683844
 2330.15 889.426 -0.05215602310319695
 2366.37 888.442 0.05215602310319695
 2396.65 891.2910000000001 0.1227200338271781
 2426.83 895.55 0.1564680693095908
 2456.26 900.465 0.1748767550620758
 2486.34 906.135 0.191750598270357
 2521.96 913.615 0.2101585858911412
 2550.53 920.596 0.2270324290994224
 2580.51 927.677 0.2791881031367689
 2608.88 937.48 0.383499451211462
 2636.4 949.349 0.470938701407126
 2667.75 967.159 0.575250049481819
 2692.7 985.227 0.6626875543482309
 2716.9 1003.95 0.7148432283855775
 2738.83 1024.64 0.768534792164679
 2763.93 1050.51 0.8206904662020256
 2784.35 1072.52 0.8375643094103069
 2804.77 1094.52 0.8375643094103069
 2824.44 1117.17 0.8375643094103069
 2845.51 1139.93 0.8375643094103069
 2869.87 1166.46 0.8206904662020256
 2890.29 1188.46 0.8022824785812415
 2910.71 1210.46 0.7854086353729602
 2931.88 1231.8 0.768534792164679
 2954.47 1253.25 0.750126804543895
 2981.09 1277.81 0.7332512160063617
 3003.77 1297.85 0.6979693851772962
 3026.56 1316.47 0.6810955419690151
 3050 1335.85 0.6626875543482309
 3074.2 1354.57 0.6289398679316687
 3104.69 1374.45 0.5230943754444725
 3130.6 1389.04 0.4540648581988447
 3158.77 1401.66 0.383499451211462
 3186.38 1412.12 0.3313437771741155
 3215.51 1421.27 0.2791881031367689
 3250.28 1430.81 0.2270324290994224
 3279.61 1437.14 0.2623142599284878
 3308.73 1446.29 0.383499451211462
 3336.15 1459.57 0.5230943754444725
 3365.89 1480.1 0.7332512160063617
 3386.31 1502.1 0.9250018142767188
 3402.95 1527.38 1.116752412547076
 3413.75 1555.08 1.308501265488181
 3419.73 1590.94 1.483378020550257
 3421.11 1621.52 1.58768936862495
 3419.67 1651.9 1.675128618820614
 3416.17 1681.43 1.72728429285796
 3410.1 1717.15 1.72728429285796
 3404.43 1747.23 1.72728429285796
 3399.51 1776.66 1.72728429285796
 3395.25 1806.84 1.693536606441398
 3392.4 1837.12 1.639846787991548
 3390.57 1873.14 1.606097356245734
 3389.13 1903.52 1.606097356245734
 3388.45 1933.24 1.58768936862495
 3388.42 1963.72 1.606097356245734
 3386.58 1999.75 1.639846787991548
 3383.73 2030.03 1.693536606441398
 3379.47 2060.21 1.72728429285796
 3374.56 2089.63 1.814723543053624
 3365.41 2118.76 1.937437642761345
 3350.32 2151.72 2.077029076335852
 3334.32 2177.52 2.181347405727553
 3316.35 2201.06 2.285665735119254
 3296.32 2223.75 2.339352062910599
 3270.44 2248.86 2.39150250096019
 3247.69 2269.93 2.428241681714671
 3224.38 2288.84 2.445119015581456
 3201.06 2307.75 2.445119015581456
 3173.88 2331.35 2.408379834826976
 3151.12 2352.43 2.39150250096019
 3129.12 2372.85 2.37308927735165
 3108.43 2394.78 2.339352062910599
 3087.74 2416.71 2.304061505435274
 3063.83 2444.08 2.268788401252469
 3044.46 2467.52 2.233497843777144
 3026.49 2491.06 2.181347405727553
 3009.83 2516.11 2.129196967677963
 2990.61 2547.36 2.077029076335852
 2976.67 2574.03 2.060169195761587
 2962.74 2600.69 2.093906410202637
 2946.74 2626.49 2.129196967677963
 2926.86 2656.99 2.181347405727553
 2908.89 2680.53 2.251911067385684
 2889.52 2703.97 2.320938839302059
 2863.54 2730.49 2.408379834826976
 2840.88 2750.15 2.480392119764261
 2816.26 2767.55 2.567833115289178
 2790.33 2783.44 2.689028778547663
 2756.79 2796.67 2.811742878255385
 2728.53 2805.3 2.932921088221351
 2698.41 2810.26 3.020362083746267
 2661.98 2814.07 3.107803079271183
 2631.51 2814.04 -3.104818566250273
 2601.78 2813.36 -3.087941232383487
 2565.86 2810.11 -3.052668128200682
 2535.58 2807.26 -3.052668128200682
 2505.3 2804.41 -3.052668128200682
 2475.67 2802.32 -3.069528008774947
 2439 2799.73 -3.087941232383487


# name: v
# type: scalar
60


# name: Kp
# type: scalar
0.2


# name: Ki
# type: scalar
0


# name: Kd
# type: scalar
0.2


# name: goalRadius
# type: scalar
70


