# Created by Octave 4.0.0, Wed Jun 22 15:15:09 2016 BRT <ia368n@ia368n-VirtualBox>
# name: J1
# type: scalar
5118.095708468003


# name: J2
# type: scalar
2166.767490382013


# name: steps
# type: scalar
166


# name: AvgAngleErr
# type: scalar
30.83190185824098


# name: AvgPositionErr
# type: scalar
13.05281620712056


# name: rpath
# type: matrix
# rows: 166
# columns: 3
 500 1800 0
 534.482 1800.12 -0.004590006493234848
 570.325 1800.62 -0.004590006493234848
 594.511 1800.79 -0.004590006493234848
 630.355 1801.3 -0.004590006493234848
 660.369 1801.63 -0.009179995533177174
 702.423 1800.94 -0.021420076843876
 732.438 1801.28 -0.02907002948829235
 761.963 1800.74 -0.02907002948829235
 798.188 1799.88 -0.02907002948829235
 827.713 1799.35 -0.02907002948829235
 858.109 1798.32 -0.03366007088811224
 887.634 1797.79 -0.04436993477712504
 918.0309999999999 1796.77 -0.0627299258434794
 947.937 1794.87 -0.07955996128753551
 977.354 1792.1 -0.1132200321756477
 1012.49 1787.27 -0.1897207803502876
 1042.18 1780.9 -0.2371501027732335
 1071.38 1773.67 -0.3243607148368861
 1098.62 1762.94 -0.4865401995907032
 1124.28 1747.37 -0.6119997022118117
 1153.22 1725.38 -0.6747303261869918
 1176.05 1706.81 -0.7007392227002114
 1198.88 1688.24 -0.7236903023639366
 1222.09 1668.31 -0.73745920483292
 1248.68 1644.19 -0.7420494207656652
 1280.01 1616.26 -0.7420494207656652
 1302.35 1596.82 -0.7481702904524092
 1324.21 1576.5 -0.7619391929213924
 1350.8 1552.38 -0.7772404944736268
 1372.16 1531.2 -0.7864191810098651
 1393.14 1511.38 -0.7864191810098651
 1414.5 1490.2 -0.7695907163621356
 1441.09 1466.07 -0.7542894148099014
 1462.94 1445.76 -0.7542894148099014
 1484.79 1425.45 -0.7420494207656652
 1507.62 1406.88 -0.7083907461409545
 1536.06 1384.01 -0.6716707640082458
 1560.26 1365.83 -0.6686094565002477
 1583.58 1348.13 -0.6227107878313008
 1609.24 1332.56 -0.4819499836579582
 1635.99 1320.97 -0.3610806969695949
 1671.29 1310.3 -0.2907002948829235
 1700 1302.2 -0.2769296470846883
 1728.71 1294.09 -0.2952905108156686
 1756.93 1285.11 -0.3212994073288881
 1786.03 1275.64 -0.3702593835058331
 1817.52 1260.24 -0.5615108176101196
 1841.33 1243.41 -0.6823801042984829
 1868.41 1220.16 -0.738989858586919
 1886.88 1204.04 -0.7573507223178995
 1908.73 1183.73 -0.7527605063851543
 1931.07 1164.29 -0.7451107282736631
 1962.4 1136.36 -0.738989858586919
 1980 1120.73 -0.738989858586919
 2002.35 1101.29 -0.738989858586919
 2025.07 1080.49 -0.7435800745196641
 2047.41 1061.05 -0.7527605063851543
 2074 1036.93 -0.7634698466753916
 2095.85 1016.62 -0.7435800745196641
 2118.19 997.179 -0.6946200983427192
 2141.51 979.4829999999999 -0.6609596783887565
 2165.7 961.297 -0.6410699062330293
 2195.13 940.171 -0.576810373833102
 2222.26 927.216 -0.3916798094155595
 2249.61 918.727 -0.2310292330864894
 2285.62 913.401 -0.104039949376008
 2315.52 911.505 -0.03519002651041046
 2345.54 911.842 -0.01988994668865258
 2375.06 911.308 -0.02295003246617423
 2405.95 911.155 -0.009179995533177174
 2441.3 910.785 0.004590006493234848
 2470.94 912.484 0.04895997617694493
 2501.06 915.0549999999999 0.1346399344865986
 2530.42 920.349 0.1912496887750346
 2559.4 927.004 0.212670114684761
 2595.18 935.569 0.2784603008386873
 2623.01 946.3099999999999 0.4773597677252131
 2647.58 963.477 0.685439666477229
 2669.14 983.477 0.7848902725851179
 2694.14 1009.58 0.7925400506966092
 2715.32 1030.94 0.7573507223178995
 2736.88 1050.94 0.7191000864311917
 2759.32 1070.45 0.6930894445887202
 2787.31 1093.72 0.6930894445887202
 2809.75 1113.23 0.7236903023639366
 2832.67 1133.61 0.7496991988771563
 2853.37 1154.1 0.7619391929213924
 2879.23 1179.71 0.7634698466753916
 2900.8 1199.71 0.7542894148099014
 2922.85 1220.58 0.7466396366984102
 2949.1 1244.83 0.735930296408173
 2970.66 1264.83 0.7221596486099376
 2993.1 1284.34 0.6961507520967183
 3021.09 1307.61 0.6670805480755007
 3039.72 1322.37 0.6548405540312644
 3068.09 1344.28 0.6609596783887565
 3092.27 1362.81 0.6150592643905577
 3117.21 1378.62 0.4666504274349759
 3150.98 1391.76 0.2998807267484137
 3179.58 1399.77 0.2279696709077433
 3208.56 1406.43 0.2402096649519796
 3237.15 1414.45 0.2738700849059422
 3266.24 1423.34 0.3320104929483773
 3293.31 1436.8 0.5477401698118844
 3320.81 1459.2 0.8108991690983375
 3339.87 1482.9 0.9776706151141515
 3354.07 1508.18 1.135259883935223
 3364.41 1536.78 1.236239398467859
 3375.46 1570.72 1.269899818421822
 3384.44 1598.94 1.28060915871206
 3391.67 1628.14 1.377000202641202
 3395.8 1657.94 1.467270376883601
 3397.53 1693.68 1.548360119260509
 3396.71 1722.82 1.594260533258708
 3396.37 1752.84 1.59119922575071
 3396.03 1782.85 1.572840107348982
 3395.7 1812.87 1.566719237662238
 3396.07 1848.22 1.566719237662238
 3395.24 1877.36 1.574370761102981
 3394.74 1913.21 1.604969873548945
 3391.5 1966.64 1.640159201927655
 3391.17 1978.3 1.647810725368398
 3387.08 2013.87 1.721250689633816
 3381.78 2043.23 1.790096947307984
 3373.76 2071.83 1.874256723839151
 3362.53 2098.79 2.050203365732699
 3346.73 2123.73 2.192482606355277
 3324.82 2152.1 2.261335845346453
 3305.31 2174.54 2.268997840762708
 3282.42 2201.17 2.275106493144689
 3262.91 2223.6 2.275106493144689
 3243.4 2246.04 2.275106493144689
 3224.77 2267.99 2.279696709077433
 3201.01 2295.11 2.301111898999404
 3181.01 2316.67 2.308773894415658
 3161.01 2338.24 2.308773894415658
 3132.51 2369.17 2.302647788741158
 3112.51 2390.73 2.290413030684678
 3089.62 2417.36 2.270516277211943
 3070.6 2440.67 2.258281519155463
 3047.71 2467.3 2.247565197548218
 3029.57 2490.12 2.235330439491737
 3009.51 2519.74 2.10221417744213
 2995.56 2545.94 2.007355532596238
 2983.45 2573.39 1.962989263010542
 2967.48 2604.16 2.12364682065662
 2950.31 2628.73 2.256745629413708
 2930.32 2650.29 2.331724974079385
 2904.21 2675.29 2.392916217654306
 2881.87 2694.72 2.434228161049011
 2859.04 2713.29 2.460233566903727
 2836.21 2731.86 2.467895562319982
 2812.02 2750.05 2.515316158096668
 2781.51 2767.19 2.736641360542069
 2753.78 2777.04 2.888118486322656
 2724.96 2782.92 2.969206483370313
 2696.52 2787.43 3.022753184821499
 2661.77 2790.9 3.05642058609247
 2631.86 2792.8 3.073245560081695
 2601.95 2794.7 3.085480318138175
 2567.58 2796.81 3.096196639745421
 2538.06 2797.34 3.108431397801901
 2509.02 2798.75 3.122202045600136
 2472.8 2799.61 3.132918367207381
 2444.14 2799.65 3.135972693398372


# name: v
# type: scalar
60


# name: Kp
# type: scalar
0.4


# name: Ki
# type: scalar
0


# name: Kd
# type: scalar
0.4


# name: goalRadius
# type: scalar
70


