# Created by Octave 4.0.0, Wed Jun 22 15:02:46 2016 BRT <ia368n@ia368n-VirtualBox>
# name: J1
# type: scalar
4677.275640822853


# name: J2
# type: scalar
2275.233081501973


# name: steps
# type: scalar
169


# name: AvgAngleErr
# type: scalar
27.67618722380386


# name: AvgPositionErr
# type: scalar
13.46291764202351


# name: rpath
# type: matrix
# rows: 169
# columns: 3
 500 1800 0
 533 1799 -0.01783534509320485
 574 1799 0.006119997022118117
 598 1799 0.009179995533177174
 628 1799 0.009179995533177174
 658 1799 0.009179995533177174
 687 1799 0.006119997022118117
 717 1799 0.001529999255529529
 747 1799 0.001529999255529529
 776 1799 -0.01783534509320485
 806 1799 -0.02242538649302474
 842 1798 -0.02242538649302474
 871 1798 -0.03160529475973932
 901 1797 -0.05302537160361532
 930 1795 -0.07903531531438603
 959 1793 -0.08821522358110059
 989 1790 -0.1050452590251567
 1018 1787 -0.1693053150238595
 1053 1780 -0.2381554124223823
 1081 1772 -0.2947651667108183
 1109 1761 -0.4722459530168697
 1134 1746 -0.6191258815477045
 1157 1727 -0.7155151801475954
 1179 1708 -0.7537658160343031
 1205 1684 -0.75529472445905
 1227 1663 -0.7461160379228119
 1249 1643 -0.7369356060573218
 1271 1624 -0.7369356060573218
 1293 1604 -0.7461160379228119
 1315 1584 -0.75529472445905
 1341 1559 -0.7644751563245402
 1362 1539 -0.7690653722572853
 1384 1518 -0.7644751563245402
 1405 1498 -0.75529472445905
 1427 1478 -0.747644946347559
 1453 1454 -0.7461160379228119
 1475 1434 -0.7384645144820687
 1497 1414 -0.7124556179688493
 1520 1395 -0.6910351920591229
 1543 1376 -0.6787951980148866
 1571 1354 -0.6680858577246495
 1595 1336 -0.6053552337494692
 1620 1322 -0.437054879308908
 1648 1312 -0.2917056045320722
 1677 1305 -0.2305056343108911
 1712 1297 -0.2503954064666185
 1740 1289 -0.2855847348453281
 1769 1280 -0.3651455687974897
 1795 1268 -0.5150850595070705
 1820 1252 -0.6191258815477045
 1844 1234 -0.6634956417919043
 1872 1212 -0.6696147661493965
 1895 1194 -0.6787951980148866
 1918 1175 -0.704805839857358
 1940 1156 -0.7262245204378325
 1967 1132 -0.7399951682360678
 1989 1112 -0.7445853841688129
 2011 1092 -0.7430547304148138
 2033 1072 -0.7445853841688129
 2055 1052 -0.7430547304148138
 2081 1028 -0.7262245204378325
 2104 1009 -0.6910351920591229
 2127 991 -0.6665552039706505
 2151 973 -0.6527845561724152
 2180 951 -0.5869961153477408
 2205 937 -0.4263455390186708
 2233 927 -0.2932345129568193
 2262 921 -0.1891954362454373
 2291 917 -0.1111652560472748
 2326 914 -0.07903531531438603
 2356 912 -0.07597522953686436
 2385 910 -0.05914536862573343
 2414 909 0
 2444 909 0.02907002948829235
 2479 911 0.07803000566523728
 2508 914 0.1514699699306547
 2537 919 0.2065492449980169
 2566 926 0.2738700849059422
 2599 939 0.4850095458367042
 2623 954 0.6165899181445568
 2647 972 0.6609596783887565
 2670 990 0.6716707640082458
 2693 1009 0.6976796605214652
 2719 1032 0.7267498645426828
 2741 1052 0.7252192107886839
 2763 1071 0.7175694326771928
 2785 1090 0.7221596486099376
 2812 1114 0.7435800745196641
 2833 1134 0.7558200685639005
 2854 1155 0.7634698466753916
 2875 1175 0.7634698466753916
 2901 1199 0.7527605063851543
 2923 1219 0.7496991988771563
 2944 1239 0.7496991988771563
 2966 1259 0.7496991988771563
 2991 1283 0.7313400804754279
 3014 1303 0.6976796605214652
 3036 1321 0.6670805480755007
 3060 1339 0.6502503380985194
 3088 1360 0.5890503678773382
 3113 1375 0.4513508712119935
 3141 1386 0.3350700551271234
 3169 1394 0.2738700849059422
 3203 1403 0.2723394311519432
 3232 1412 0.2952905108156686
 3260 1421 0.3748495994385782
 3286 1434 0.5691605957216108
 3313 1456 0.7481702904524092
 3334 1477 0.8216102547178267
 3353 1499 0.9134093373849723
 3369 1524 1.106189679914006
 3381 1557 1.30815045430853
 3387 1586 1.419839309131403
 3390 1615 1.488690802793327
 3391 1645 1.5131707908818
 3393 1680 1.523880131172037
 3394 1709 1.528470347104782
 3395 1738 1.528470347104782
 3395 1767 1.537650778970272
 3396 1803 1.557540551126
 3396 1832 1.569780545170236
 3395 1862 1.588139663571964
 3394 1891 1.609560089481691
 3392 1921 1.620269429771928
 3390 1956 1.614150305414435
 3389 1985 1.6447494178604
 3385 2014 1.719720035879817
 3379 2043 1.780916515442494
 3370 2078 1.881901265962886
 3358 2105 2.057847907856434
 3342 2130 2.181783738040552
 3324 2153 2.230740223558992
 3302 2181 2.256745629413708
 3282 2203 2.276642382886443
 3262 2225 2.285822814751933
 3239 2252 2.279696709077433
 3219 2274 2.284286925010178
 3199 2296 2.296521683066659
 3179 2318 2.299593462550169
 3159 2339 2.299593462550169
 3135 2366 2.295003246617424
 3115 2388 2.281232598819189
 3096 2410 2.268997840762708
 3073 2437 2.258281519155463
 3053 2460 2.250636977031728
 3035 2483 2.221559791693502
 3018 2507 2.122110930914865
 3000 2538 2.021126180394473
 2988 2565 2.013481638270739
 2973 2591 2.131291362780356
 2952 2619 2.250636977031728
 2932 2641 2.298057572808414
 2912 2663 2.336315190012129
 2886 2687 2.406686865452541
 2867 2703 2.440354266723511
 2840 2725 2.431173834858021
 2817 2744 2.470949888510972
 2787 2763 2.679028041933736
 2759 2773 2.824379062039823
 2730 2781 2.928418138751206
 2701 2785 3.004915919866118
 2665 2789 3.043173537069833
 2635 2791 3.064588726991803
 2605 2792 3.090594132846519
 2576 2793 3.098256128262774
 2540 2794 3.082949590722783
 2510 2796 3.079895264531793
 2475 2797 3.096720238521019
 2445 2798 3.107436560128264


# name: v
# type: scalar
60


# name: Kp
# type: scalar
0.4


# name: Ki
# type: scalar
0


# name: Kd
# type: scalar
0.4


# name: goalRadius
# type: scalar
70


